0.71
 next 
0.44

 End

0.71,0.71,0.71,0.71,0.71,0.71
 next 
0.44,0.44,0.44,0.44,0.44,0.45

 End

0.71,0.71,0.71,0.71,0.71,0.71,0.71,0.71,0.71,0.71
 next 
0.44,0.44,0.44,0.44,0.44,0.45,0.44,0.44,0.44,0.44

 End

0.71,0.71,0.71,0.71,0.71,0.71,0.71,0.71,0.71,0.71,0.72,0.72,0.72,0.72,0.72
 next 
0.44,0.44,0.44,0.44,0.44,0.45,0.44,0.44,0.44,0.44,0.44,0.45,0.44,0.44,0.44

 End

0.71,0.71,0.71,0.71,0.71,0.71,0.71,0.71,0.71,0.71,0.72,0.72,0.72,0.72,0.72,0.72,0.72,0.72,0.72,0.72
 next 
0.44,0.44,0.44,0.44,0.44,0.45,0.44,0.44,0.44,0.44,0.44,0.45,0.44,0.44,0.44,0.44,0.44,0.44,0.44,0.44

 End

0.71,0.71,0.71,0.71,0.71,0.71,0.71,0.71,0.71,0.71,0.72,0.72,0.72,0.72,0.72,0.72,0.72,0.72,0.72,0.72,0.72,0.72,0.72,0.72,0.72
 next 
0.44,0.44,0.44,0.44,0.44,0.45,0.44,0.44,0.44,0.44,0.44,0.45,0.44,0.44,0.44,0.44,0.44,0.44,0.44,0.44,0.44,0.44,0.44,0.44,0.44

 End

0.71,0.71,0.71,0.71,0.71,0.71,0.71,0.71,0.71,0.71,0.72,0.72,0.72,0.72,0.72,0.72,0.72,0.72,0.72,0.72,0.72,0.72,0.72,0.72,0.72,0.72,0.72,0.72,0.72,0.72
 next 
0.44,0.44,0.44,0.44,0.44,0.45,0.44,0.44,0.44,0.44,0.44,0.45,0.44,0.44,0.44,0.44,0.44,0.44,0.44,0.44,0.44,0.44,0.44,0.44,0.44,0.43,0.43,0.43,0.43,0.43

 End

0.71,0.71,0.71,0.71,0.71,0.71,0.71,0.71,0.71,0.71,0.72,0.72,0.72,0.72,0.72,0.72,0.72,0.72,0.72,0.72,0.72,0.72,0.72,0.72,0.72,0.72,0.72,0.72,0.72,0.72,0.72,0.72,0.73,0.73,0.73
 next 
0.44,0.44,0.44,0.44,0.44,0.45,0.44,0.44,0.44,0.44,0.44,0.45,0.44,0.44,0.44,0.44,0.44,0.44,0.44,0.44,0.44,0.44,0.44,0.44,0.44,0.43,0.43,0.43,0.43,0.43,0.43,0.43,0.43,0.43,0.43

 End

0.71,0.71,0.71,0.71,0.71,0.71,0.71,0.71,0.71,0.71,0.72,0.72,0.72,0.72,0.72,0.72,0.72,0.72,0.72,0.72,0.72,0.72,0.72,0.72,0.72,0.72,0.72,0.72,0.72,0.72,0.72,0.72,0.73,0.73,0.73,0.73,0.73,0.73,0.72,0.77
 next 
0.44,0.44,0.44,0.44,0.44,0.45,0.44,0.44,0.44,0.44,0.44,0.45,0.44,0.44,0.44,0.44,0.44,0.44,0.44,0.44,0.44,0.44,0.44,0.44,0.44,0.43,0.43,0.43,0.43,0.43,0.43,0.43,0.43,0.43,0.43,0.43,0.43,0.43,0.42,0.39

 End

0.71,0.71,0.71,0.71,0.71,0.71,0.71,0.71,0.71,0.71,0.72,0.72,0.72,0.72,0.72,0.72,0.72,0.72,0.72,0.72,0.72,0.72,0.72,0.72,0.72,0.72,0.72,0.72,0.72,0.72,0.72,0.72,0.73,0.73,0.73,0.73,0.73,0.73,0.72,0.77,1.0,0.56,0.57,0.44,0.38
 next 
0.44,0.44,0.44,0.44,0.44,0.45,0.44,0.44,0.44,0.44,0.44,0.45,0.44,0.44,0.44,0.44,0.44,0.44,0.44,0.44,0.44,0.44,0.44,0.44,0.44,0.43,0.43,0.43,0.43,0.43,0.43,0.43,0.43,0.43,0.43,0.43,0.43,0.43,0.42,0.39,2.15,0.41,0.47,0.47,-0.38

 End

0.71,0.71,0.71,0.71,0.71,0.71,0.71,0.71,0.71,0.71,0.72,0.72,0.72,0.72,0.72,0.72,0.72,0.72,0.72,0.72,0.72,0.72,0.72,0.72,0.72,0.72,0.72,0.72,0.72,0.72,0.72,0.72,0.73,0.73,0.73,0.73,0.73,0.73,0.72,0.77,1.0,0.56,0.57,0.44,0.38,0.15,0.63,1.32,2.99,1.93
 next 
0.44,0.44,0.44,0.44,0.44,0.45,0.44,0.44,0.44,0.44,0.44,0.45,0.44,0.44,0.44,0.44,0.44,0.44,0.44,0.44,0.44,0.44,0.44,0.44,0.44,0.43,0.43,0.43,0.43,0.43,0.43,0.43,0.43,0.43,0.43,0.43,0.43,0.43,0.42,0.39,2.15,0.41,0.47,0.47,-0.38,-0.69,-1.02,-1.19,-1.45,-1.4

 End

0.71,0.71,0.71,0.71,0.71,0.71,0.71,0.71,0.71,0.71,0.72,0.72,0.72,0.72,0.72,0.72,0.72,0.72,0.72,0.72,0.72,0.72,0.72,0.72,0.72,0.72,0.72,0.72,0.72,0.72,0.72,0.72,0.73,0.73,0.73,0.73,0.73,0.73,0.72,0.77,1.0,0.56,0.57,0.44,0.38,0.15,0.63,1.32,2.99,1.93,0.03,-0.36,0.57,1.89,1.02
 next 
0.44,0.44,0.44,0.44,0.44,0.45,0.44,0.44,0.44,0.44,0.44,0.45,0.44,0.44,0.44,0.44,0.44,0.44,0.44,0.44,0.44,0.44,0.44,0.44,0.44,0.43,0.43,0.43,0.43,0.43,0.43,0.43,0.43,0.43,0.43,0.43,0.43,0.43,0.42,0.39,2.15,0.41,0.47,0.47,-0.38,-0.69,-1.02,-1.19,-1.45,-1.4,-0.95,-0.77,-0.84,-1.24,0.27

 End

0.71,0.71,0.71,0.71,0.71,0.71,0.71,0.71,0.71,0.71,0.72,0.72,0.72,0.72,0.72,0.72,0.72,0.72,0.72,0.72,0.72,0.72,0.72,0.72,0.72,0.72,0.72,0.72,0.72,0.72,0.72,0.72,0.73,0.73,0.73,0.73,0.73,0.73,0.72,0.77,1.0,0.56,0.57,0.44,0.38,0.15,0.63,1.32,2.99,1.93,0.03,-0.36,0.57,1.89,1.02,-1.26,0.26,1.25,1.79,-1.06
 next 
0.44,0.44,0.44,0.44,0.44,0.45,0.44,0.44,0.44,0.44,0.44,0.45,0.44,0.44,0.44,0.44,0.44,0.44,0.44,0.44,0.44,0.44,0.44,0.44,0.44,0.43,0.43,0.43,0.43,0.43,0.43,0.43,0.43,0.43,0.43,0.43,0.43,0.43,0.42,0.39,2.15,0.41,0.47,0.47,-0.38,-0.69,-1.02,-1.19,-1.45,-1.4,-0.95,-0.77,-0.84,-1.24,0.27,2.02,-0.65,-2.83,0.89,0.89

 End

0.71,0.71,0.71,0.71,0.71,0.71,0.71,0.71,0.71,0.71,0.72,0.72,0.72,0.72,0.72,0.72,0.72,0.72,0.72,0.72,0.72,0.72,0.72,0.72,0.72,0.72,0.72,0.72,0.72,0.72,0.72,0.72,0.73,0.73,0.73,0.73,0.73,0.73,0.72,0.77,1.0,0.56,0.57,0.44,0.38,0.15,0.63,1.32,2.99,1.93,0.03,-0.36,0.57,1.89,1.02,-1.26,0.26,1.25,1.79,-1.06,-2.39,0.16,2.66,-0.13
 next 
0.44,0.44,0.44,0.44,0.44,0.45,0.44,0.44,0.44,0.44,0.44,0.45,0.44,0.44,0.44,0.44,0.44,0.44,0.44,0.44,0.44,0.44,0.44,0.44,0.44,0.43,0.43,0.43,0.43,0.43,0.43,0.43,0.43,0.43,0.43,0.43,0.43,0.43,0.42,0.39,2.15,0.41,0.47,0.47,-0.38,-0.69,-1.02,-1.19,-1.45,-1.4,-0.95,-0.77,-0.84,-1.24,0.27,2.02,-0.65,-2.83,0.89,0.89,-4.03,-0.53,-1.43,-0.35

 End

0.71,0.71,0.71,0.71,0.71,0.71,0.71,0.71,0.71,0.71,0.72,0.72,0.72,0.72,0.72,0.72,0.72,0.72,0.72,0.72,0.72,0.72,0.72,0.72,0.72,0.72,0.72,0.72,0.72,0.72,0.72,0.72,0.73,0.73,0.73,0.73,0.73,0.73,0.72,0.77,1.0,0.56,0.57,0.44,0.38,0.15,0.63,1.32,2.99,1.93,0.03,-0.36,0.57,1.89,1.02,-1.26,0.26,1.25,1.79,-1.06,-2.39,0.16,2.66,-0.13,5.7,-1.47,3.98,2.46,-3.17
 next 
0.44,0.44,0.44,0.44,0.44,0.45,0.44,0.44,0.44,0.44,0.44,0.45,0.44,0.44,0.44,0.44,0.44,0.44,0.44,0.44,0.44,0.44,0.44,0.44,0.44,0.43,0.43,0.43,0.43,0.43,0.43,0.43,0.43,0.43,0.43,0.43,0.43,0.43,0.42,0.39,2.15,0.41,0.47,0.47,-0.38,-0.69,-1.02,-1.19,-1.45,-1.4,-0.95,-0.77,-0.84,-1.24,0.27,2.02,-0.65,-2.83,0.89,0.89,-4.03,-0.53,-1.43,-0.35,-1.0,-3.48,3.21,-2.4,-3.42

 End

0.71,0.71,0.71,0.71,0.71,0.71,0.71,0.71,0.71,0.71,0.72,0.72,0.72,0.72,0.72,0.72,0.72,0.72,0.72,0.72,0.72,0.72,0.72,0.72,0.72,0.72,0.72,0.72,0.72,0.72,0.72,0.72,0.73,0.73,0.73,0.73,0.73,0.73,0.72,0.77,1.0,0.56,0.57,0.44,0.38,0.15,0.63,1.32,2.99,1.93,0.03,-0.36,0.57,1.89,1.02,-1.26,0.26,1.25,1.79,-1.06,-2.39,0.16,2.66,-0.13,5.7,-1.47,3.98,2.46,-3.17,5.05,-2.69,7.83,2.55,4.0
 next 
0.44,0.44,0.44,0.44,0.44,0.45,0.44,0.44,0.44,0.44,0.44,0.45,0.44,0.44,0.44,0.44,0.44,0.44,0.44,0.44,0.44,0.44,0.44,0.44,0.44,0.43,0.43,0.43,0.43,0.43,0.43,0.43,0.43,0.43,0.43,0.43,0.43,0.43,0.42,0.39,2.15,0.41,0.47,0.47,-0.38,-0.69,-1.02,-1.19,-1.45,-1.4,-0.95,-0.77,-0.84,-1.24,0.27,2.02,-0.65,-2.83,0.89,0.89,-4.03,-0.53,-1.43,-0.35,-1.0,-3.48,3.21,-2.4,-3.42,0.95,-1.16,-2.6,-1.62,-3.13

 End

0.71,0.71,0.71,0.71,0.71,0.71,0.71,0.71,0.71,0.71,0.72,0.72,0.72,0.72,0.72,0.72,0.72,0.72,0.72,0.72,0.72,0.72,0.72,0.72,0.72,0.72,0.72,0.72,0.72,0.72,0.72,0.72,0.73,0.73,0.73,0.73,0.73,0.73,0.72,0.77,1.0,0.56,0.57,0.44,0.38,0.15,0.63,1.32,2.99,1.93,0.03,-0.36,0.57,1.89,1.02,-1.26,0.26,1.25,1.79,-1.06,-2.39,0.16,2.66,-0.13,5.7,-1.47,3.98,2.46,-3.17,5.05,-2.69,7.83,2.55,4.0,8.37,5.25,7.6,5.19,-2.4
 next 
0.44,0.44,0.44,0.44,0.44,0.45,0.44,0.44,0.44,0.44,0.44,0.45,0.44,0.44,0.44,0.44,0.44,0.44,0.44,0.44,0.44,0.44,0.44,0.44,0.44,0.43,0.43,0.43,0.43,0.43,0.43,0.43,0.43,0.43,0.43,0.43,0.43,0.43,0.42,0.39,2.15,0.41,0.47,0.47,-0.38,-0.69,-1.02,-1.19,-1.45,-1.4,-0.95,-0.77,-0.84,-1.24,0.27,2.02,-0.65,-2.83,0.89,0.89,-4.03,-0.53,-1.43,-0.35,-1.0,-3.48,3.21,-2.4,-3.42,0.95,-1.16,-2.6,-1.62,-3.13,-4.97,2.78,-1.46,4.14,4.55

 End

0.71,0.71,0.71,0.71,0.71,0.71,0.71,0.71,0.71,0.71,0.72,0.72,0.72,0.72,0.72,0.72,0.72,0.72,0.72,0.72,0.72,0.72,0.72,0.72,0.72,0.72,0.72,0.72,0.72,0.72,0.72,0.72,0.73,0.73,0.73,0.73,0.73,0.73,0.72,0.77,1.0,0.56,0.57,0.44,0.38,0.15,0.63,1.32,2.99,1.93,0.03,-0.36,0.57,1.89,1.02,-1.26,0.26,1.25,1.79,-1.06,-2.39,0.16,2.66,-0.13,5.7,-1.47,3.98,2.46,-3.17,5.05,-2.69,7.83,2.55,4.0,8.37,5.25,7.6,5.19,-2.4,4.53,-2.29,-5.79,0.86,-2.51
 next 
0.44,0.44,0.44,0.44,0.44,0.45,0.44,0.44,0.44,0.44,0.44,0.45,0.44,0.44,0.44,0.44,0.44,0.44,0.44,0.44,0.44,0.44,0.44,0.44,0.44,0.43,0.43,0.43,0.43,0.43,0.43,0.43,0.43,0.43,0.43,0.43,0.43,0.43,0.42,0.39,2.15,0.41,0.47,0.47,-0.38,-0.69,-1.02,-1.19,-1.45,-1.4,-0.95,-0.77,-0.84,-1.24,0.27,2.02,-0.65,-2.83,0.89,0.89,-4.03,-0.53,-1.43,-0.35,-1.0,-3.48,3.21,-2.4,-3.42,0.95,-1.16,-2.6,-1.62,-3.13,-4.97,2.78,-1.46,4.14,4.55,3.22,6.17,0.07,3.08,4.96

 End

0.71,0.71,0.71,0.71,0.71,0.71,0.71,0.71,0.71,0.71,0.72,0.72,0.72,0.72,0.72,0.72,0.72,0.72,0.72,0.72,0.72,0.72,0.72,0.72,0.72,0.72,0.72,0.72,0.72,0.72,0.72,0.72,0.73,0.73,0.73,0.73,0.73,0.73,0.72,0.77,1.0,0.56,0.57,0.44,0.38,0.15,0.63,1.32,2.99,1.93,0.03,-0.36,0.57,1.89,1.02,-1.26,0.26,1.25,1.79,-1.06,-2.39,0.16,2.66,-0.13,5.7,-1.47,3.98,2.46,-3.17,5.05,-2.69,7.83,2.55,4.0,8.37,5.25,7.6,5.19,-2.4,4.53,-2.29,-5.79,0.86,-2.51,3.78,-1.52,1.65,1.83,1.05
 next 
0.44,0.44,0.44,0.44,0.44,0.45,0.44,0.44,0.44,0.44,0.44,0.45,0.44,0.44,0.44,0.44,0.44,0.44,0.44,0.44,0.44,0.44,0.44,0.44,0.44,0.43,0.43,0.43,0.43,0.43,0.43,0.43,0.43,0.43,0.43,0.43,0.43,0.43,0.42,0.39,2.15,0.41,0.47,0.47,-0.38,-0.69,-1.02,-1.19,-1.45,-1.4,-0.95,-0.77,-0.84,-1.24,0.27,2.02,-0.65,-2.83,0.89,0.89,-4.03,-0.53,-1.43,-0.35,-1.0,-3.48,3.21,-2.4,-3.42,0.95,-1.16,-2.6,-1.62,-3.13,-4.97,2.78,-1.46,4.14,4.55,3.22,6.17,0.07,3.08,4.96,0.32,4.32,-1.31,0.79,-1.12

 End

0.71,0.71,0.71,0.71,0.71,0.71,0.71,0.71,0.71,0.71,0.72,0.72,0.72,0.72,0.72,0.72,0.72,0.72,0.72,0.72,0.72,0.72,0.72,0.72,0.72,0.72,0.72,0.72,0.72,0.72,0.72,0.72,0.73,0.73,0.73,0.73,0.73,0.73,0.72,0.77,1.0,0.56,0.57,0.44,0.38,0.15,0.63,1.32,2.99,1.93,0.03,-0.36,0.57,1.89,1.02,-1.26,0.26,1.25,1.79,-1.06,-2.39,0.16,2.66,-0.13,5.7,-1.47,3.98,2.46,-3.17,5.05,-2.69,7.83,2.55,4.0,8.37,5.25,7.6,5.19,-2.4,4.53,-2.29,-5.79,0.86,-2.51,3.78,-1.52,1.65,1.83,1.05,-1.71,-1.59,-0.45,0.98,2.31
 next 
0.44,0.44,0.44,0.44,0.44,0.45,0.44,0.44,0.44,0.44,0.44,0.45,0.44,0.44,0.44,0.44,0.44,0.44,0.44,0.44,0.44,0.44,0.44,0.44,0.44,0.43,0.43,0.43,0.43,0.43,0.43,0.43,0.43,0.43,0.43,0.43,0.43,0.43,0.42,0.39,2.15,0.41,0.47,0.47,-0.38,-0.69,-1.02,-1.19,-1.45,-1.4,-0.95,-0.77,-0.84,-1.24,0.27,2.02,-0.65,-2.83,0.89,0.89,-4.03,-0.53,-1.43,-0.35,-1.0,-3.48,3.21,-2.4,-3.42,0.95,-1.16,-2.6,-1.62,-3.13,-4.97,2.78,-1.46,4.14,4.55,3.22,6.17,0.07,3.08,4.96,0.32,4.32,-1.31,0.79,-1.12,0.31,0.78,0.41,2.46,1.23

 End

0.71,0.71,0.71,0.71,0.71,0.71,0.71,0.71,0.71,0.71,0.72,0.72,0.72,0.72,0.72,0.72,0.72,0.72,0.72,0.72,0.72,0.72,0.72,0.72,0.72,0.72,0.72,0.72,0.72,0.72,0.72,0.72,0.73,0.73,0.73,0.73,0.73,0.73,0.72,0.77,1.0,0.56,0.57,0.44,0.38,0.15,0.63,1.32,2.99,1.93,0.03,-0.36,0.57,1.89,1.02,-1.26,0.26,1.25,1.79,-1.06,-2.39,0.16,2.66,-0.13,5.7,-1.47,3.98,2.46,-3.17,5.05,-2.69,7.83,2.55,4.0,8.37,5.25,7.6,5.19,-2.4,4.53,-2.29,-5.79,0.86,-2.51,3.78,-1.52,1.65,1.83,1.05,-1.71,-1.59,-0.45,0.98,2.31,0.84,-0.19,0.28,1.96,1.84
 next 
0.44,0.44,0.44,0.44,0.44,0.45,0.44,0.44,0.44,0.44,0.44,0.45,0.44,0.44,0.44,0.44,0.44,0.44,0.44,0.44,0.44,0.44,0.44,0.44,0.44,0.43,0.43,0.43,0.43,0.43,0.43,0.43,0.43,0.43,0.43,0.43,0.43,0.43,0.42,0.39,2.15,0.41,0.47,0.47,-0.38,-0.69,-1.02,-1.19,-1.45,-1.4,-0.95,-0.77,-0.84,-1.24,0.27,2.02,-0.65,-2.83,0.89,0.89,-4.03,-0.53,-1.43,-0.35,-1.0,-3.48,3.21,-2.4,-3.42,0.95,-1.16,-2.6,-1.62,-3.13,-4.97,2.78,-1.46,4.14,4.55,3.22,6.17,0.07,3.08,4.96,0.32,4.32,-1.31,0.79,-1.12,0.31,0.78,0.41,2.46,1.23,0.22,0.36,-0.1,-0.56,0.83

 End

0.71,0.71,0.71,0.71,0.71,0.71,0.71,0.71,0.71,0.71,0.72,0.72,0.72,0.72,0.72,0.72,0.72,0.72,0.72,0.72,0.72,0.72,0.72,0.72,0.72,0.72,0.72,0.72,0.72,0.72,0.72,0.72,0.73,0.73,0.73,0.73,0.73,0.73,0.72,0.77,1.0,0.56,0.57,0.44,0.38,0.15,0.63,1.32,2.99,1.93,0.03,-0.36,0.57,1.89,1.02,-1.26,0.26,1.25,1.79,-1.06,-2.39,0.16,2.66,-0.13,5.7,-1.47,3.98,2.46,-3.17,5.05,-2.69,7.83,2.55,4.0,8.37,5.25,7.6,5.19,-2.4,4.53,-2.29,-5.79,0.86,-2.51,3.78,-1.52,1.65,1.83,1.05,-1.71,-1.59,-0.45,0.98,2.31,0.84,-0.19,0.28,1.96,1.84,-0.41,0.6,3.15,0.23,0.34
 next 
0.44,0.44,0.44,0.44,0.44,0.45,0.44,0.44,0.44,0.44,0.44,0.45,0.44,0.44,0.44,0.44,0.44,0.44,0.44,0.44,0.44,0.44,0.44,0.44,0.44,0.43,0.43,0.43,0.43,0.43,0.43,0.43,0.43,0.43,0.43,0.43,0.43,0.43,0.42,0.39,2.15,0.41,0.47,0.47,-0.38,-0.69,-1.02,-1.19,-1.45,-1.4,-0.95,-0.77,-0.84,-1.24,0.27,2.02,-0.65,-2.83,0.89,0.89,-4.03,-0.53,-1.43,-0.35,-1.0,-3.48,3.21,-2.4,-3.42,0.95,-1.16,-2.6,-1.62,-3.13,-4.97,2.78,-1.46,4.14,4.55,3.22,6.17,0.07,3.08,4.96,0.32,4.32,-1.31,0.79,-1.12,0.31,0.78,0.41,2.46,1.23,0.22,0.36,-0.1,-0.56,0.83,1.33,1.05,-0.54,-1.18,0.23

 End

0.71,0.71,0.71,0.71,0.71,0.71,0.71,0.71,0.71,0.71,0.72,0.72,0.72,0.72,0.72,0.72,0.72,0.72,0.72,0.72,0.72,0.72,0.72,0.72,0.72,0.72,0.72,0.72,0.72,0.72,0.72,0.72,0.73,0.73,0.73,0.73,0.73,0.73,0.72,0.77,1.0,0.56,0.57,0.44,0.38,0.15,0.63,1.32,2.99,1.93,0.03,-0.36,0.57,1.89,1.02,-1.26,0.26,1.25,1.79,-1.06,-2.39,0.16,2.66,-0.13,5.7,-1.47,3.98,2.46,-3.17,5.05,-2.69,7.83,2.55,4.0,8.37,5.25,7.6,5.19,-2.4,4.53,-2.29,-5.79,0.86,-2.51,3.78,-1.52,1.65,1.83,1.05,-1.71,-1.59,-0.45,0.98,2.31,0.84,-0.19,0.28,1.96,1.84,-0.41,0.6,3.15,0.23,0.34,4.25,2.08,0.34,4.34
 next 
0.44,0.44,0.44,0.44,0.44,0.45,0.44,0.44,0.44,0.44,0.44,0.45,0.44,0.44,0.44,0.44,0.44,0.44,0.44,0.44,0.44,0.44,0.44,0.44,0.44,0.43,0.43,0.43,0.43,0.43,0.43,0.43,0.43,0.43,0.43,0.43,0.43,0.43,0.42,0.39,2.15,0.41,0.47,0.47,-0.38,-0.69,-1.02,-1.19,-1.45,-1.4,-0.95,-0.77,-0.84,-1.24,0.27,2.02,-0.65,-2.83,0.89,0.89,-4.03,-0.53,-1.43,-0.35,-1.0,-3.48,3.21,-2.4,-3.42,0.95,-1.16,-2.6,-1.62,-3.13,-4.97,2.78,-1.46,4.14,4.55,3.22,6.17,0.07,3.08,4.96,0.32,4.32,-1.31,0.79,-1.12,0.31,0.78,0.41,2.46,1.23,0.22,0.36,-0.1,-0.56,0.83,1.33,1.05,-0.54,-1.18,0.23,1.43,-0.27,-1.41,-0.97

 End

0.71,0.71,0.71,0.71,0.71,0.71,0.71,0.71,0.71,0.71,0.72,0.72,0.72,0.72,0.72,0.72,0.72,0.72,0.72,0.72,0.72,0.72,0.72,0.72,0.72,0.72,0.72,0.72,0.72,0.72,0.72,0.72,0.73,0.73,0.73,0.73,0.73,0.73,0.72,0.77,1.0,0.56,0.57,0.44,0.38,0.15,0.63,1.32,2.99,1.93,0.03,-0.36,0.57,1.89,1.02,-1.26,0.26,1.25,1.79,-1.06,-2.39,0.16,2.66,-0.13,5.7,-1.47,3.98,2.46,-3.17,5.05,-2.69,7.83,2.55,4.0,8.37,5.25,7.6,5.19,-2.4,4.53,-2.29,-5.79,0.86,-2.51,3.78,-1.52,1.65,1.83,1.05,-1.71,-1.59,-0.45,0.98,2.31,0.84,-0.19,0.28,1.96,1.84,-0.41,0.6,3.15,0.23,0.34,4.25,2.08,0.34,4.34,2.74,0.38,4.91,3.03,0.74
 next 
0.44,0.44,0.44,0.44,0.44,0.45,0.44,0.44,0.44,0.44,0.44,0.45,0.44,0.44,0.44,0.44,0.44,0.44,0.44,0.44,0.44,0.44,0.44,0.44,0.44,0.43,0.43,0.43,0.43,0.43,0.43,0.43,0.43,0.43,0.43,0.43,0.43,0.43,0.42,0.39,2.15,0.41,0.47,0.47,-0.38,-0.69,-1.02,-1.19,-1.45,-1.4,-0.95,-0.77,-0.84,-1.24,0.27,2.02,-0.65,-2.83,0.89,0.89,-4.03,-0.53,-1.43,-0.35,-1.0,-3.48,3.21,-2.4,-3.42,0.95,-1.16,-2.6,-1.62,-3.13,-4.97,2.78,-1.46,4.14,4.55,3.22,6.17,0.07,3.08,4.96,0.32,4.32,-1.31,0.79,-1.12,0.31,0.78,0.41,2.46,1.23,0.22,0.36,-0.1,-0.56,0.83,1.33,1.05,-0.54,-1.18,0.23,1.43,-0.27,-1.41,-0.97,-0.11,-1.63,-3.41,1.04,1.52

 End

0.71,0.71,0.71,0.71,0.71,0.71,0.71,0.71,0.71,0.71,0.72,0.72,0.72,0.72,0.72,0.72,0.72,0.72,0.72,0.72,0.72,0.72,0.72,0.72,0.72,0.72,0.72,0.72,0.72,0.72,0.72,0.72,0.73,0.73,0.73,0.73,0.73,0.73,0.72,0.77,1.0,0.56,0.57,0.44,0.38,0.15,0.63,1.32,2.99,1.93,0.03,-0.36,0.57,1.89,1.02,-1.26,0.26,1.25,1.79,-1.06,-2.39,0.16,2.66,-0.13,5.7,-1.47,3.98,2.46,-3.17,5.05,-2.69,7.83,2.55,4.0,8.37,5.25,7.6,5.19,-2.4,4.53,-2.29,-5.79,0.86,-2.51,3.78,-1.52,1.65,1.83,1.05,-1.71,-1.59,-0.45,0.98,2.31,0.84,-0.19,0.28,1.96,1.84,-0.41,0.6,3.15,0.23,0.34,4.25,2.08,0.34,4.34,2.74,0.38,4.91,3.03,0.74,2.09,4.06,-0.44,0.25,3.16
 next 
0.44,0.44,0.44,0.44,0.44,0.45,0.44,0.44,0.44,0.44,0.44,0.45,0.44,0.44,0.44,0.44,0.44,0.44,0.44,0.44,0.44,0.44,0.44,0.44,0.44,0.43,0.43,0.43,0.43,0.43,0.43,0.43,0.43,0.43,0.43,0.43,0.43,0.43,0.42,0.39,2.15,0.41,0.47,0.47,-0.38,-0.69,-1.02,-1.19,-1.45,-1.4,-0.95,-0.77,-0.84,-1.24,0.27,2.02,-0.65,-2.83,0.89,0.89,-4.03,-0.53,-1.43,-0.35,-1.0,-3.48,3.21,-2.4,-3.42,0.95,-1.16,-2.6,-1.62,-3.13,-4.97,2.78,-1.46,4.14,4.55,3.22,6.17,0.07,3.08,4.96,0.32,4.32,-1.31,0.79,-1.12,0.31,0.78,0.41,2.46,1.23,0.22,0.36,-0.1,-0.56,0.83,1.33,1.05,-0.54,-1.18,0.23,1.43,-0.27,-1.41,-0.97,-0.11,-1.63,-3.41,1.04,1.52,-2.64,5.36,2.09,1.24,1.58

 End

0.71,0.71,0.71,0.71,0.71,0.71,0.71,0.71,0.71,0.71,0.72,0.72,0.72,0.72,0.72,0.72,0.72,0.72,0.72,0.72,0.72,0.72,0.72,0.72,0.72,0.72,0.72,0.72,0.72,0.72,0.72,0.72,0.73,0.73,0.73,0.73,0.73,0.73,0.72,0.77,1.0,0.56,0.57,0.44,0.38,0.15,0.63,1.32,2.99,1.93,0.03,-0.36,0.57,1.89,1.02,-1.26,0.26,1.25,1.79,-1.06,-2.39,0.16,2.66,-0.13,5.7,-1.47,3.98,2.46,-3.17,5.05,-2.69,7.83,2.55,4.0,8.37,5.25,7.6,5.19,-2.4,4.53,-2.29,-5.79,0.86,-2.51,3.78,-1.52,1.65,1.83,1.05,-1.71,-1.59,-0.45,0.98,2.31,0.84,-0.19,0.28,1.96,1.84,-0.41,0.6,3.15,0.23,0.34,4.25,2.08,0.34,4.34,2.74,0.38,4.91,3.03,0.74,2.09,4.06,-0.44,0.25,3.16,-1.4,1.43,3.76,-1.68,1.04
 next 
0.44,0.44,0.44,0.44,0.44,0.45,0.44,0.44,0.44,0.44,0.44,0.45,0.44,0.44,0.44,0.44,0.44,0.44,0.44,0.44,0.44,0.44,0.44,0.44,0.44,0.43,0.43,0.43,0.43,0.43,0.43,0.43,0.43,0.43,0.43,0.43,0.43,0.43,0.42,0.39,2.15,0.41,0.47,0.47,-0.38,-0.69,-1.02,-1.19,-1.45,-1.4,-0.95,-0.77,-0.84,-1.24,0.27,2.02,-0.65,-2.83,0.89,0.89,-4.03,-0.53,-1.43,-0.35,-1.0,-3.48,3.21,-2.4,-3.42,0.95,-1.16,-2.6,-1.62,-3.13,-4.97,2.78,-1.46,4.14,4.55,3.22,6.17,0.07,3.08,4.96,0.32,4.32,-1.31,0.79,-1.12,0.31,0.78,0.41,2.46,1.23,0.22,0.36,-0.1,-0.56,0.83,1.33,1.05,-0.54,-1.18,0.23,1.43,-0.27,-1.41,-0.97,-0.11,-1.63,-3.41,1.04,1.52,-2.64,5.36,2.09,1.24,1.58,1.3,-0.53,-1.28,0.79,-1.65

 End

0.71,0.71,0.71,0.71,0.71,0.71,0.71,0.71,0.71,0.71,0.72,0.72,0.72,0.72,0.72,0.72,0.72,0.72,0.72,0.72,0.72,0.72,0.72,0.72,0.72,0.72,0.72,0.72,0.72,0.72,0.72,0.72,0.73,0.73,0.73,0.73,0.73,0.73,0.72,0.77,1.0,0.56,0.57,0.44,0.38,0.15,0.63,1.32,2.99,1.93,0.03,-0.36,0.57,1.89,1.02,-1.26,0.26,1.25,1.79,-1.06,-2.39,0.16,2.66,-0.13,5.7,-1.47,3.98,2.46,-3.17,5.05,-2.69,7.83,2.55,4.0,8.37,5.25,7.6,5.19,-2.4,4.53,-2.29,-5.79,0.86,-2.51,3.78,-1.52,1.65,1.83,1.05,-1.71,-1.59,-0.45,0.98,2.31,0.84,-0.19,0.28,1.96,1.84,-0.41,0.6,3.15,0.23,0.34,4.25,2.08,0.34,4.34,2.74,0.38,4.91,3.03,0.74,2.09,4.06,-0.44,0.25,3.16,-1.4,1.43,3.76,-1.68,1.04,2.47,0.03,2.36,-5.08,-0.86
 next 
0.44,0.44,0.44,0.44,0.44,0.45,0.44,0.44,0.44,0.44,0.44,0.45,0.44,0.44,0.44,0.44,0.44,0.44,0.44,0.44,0.44,0.44,0.44,0.44,0.44,0.43,0.43,0.43,0.43,0.43,0.43,0.43,0.43,0.43,0.43,0.43,0.43,0.43,0.42,0.39,2.15,0.41,0.47,0.47,-0.38,-0.69,-1.02,-1.19,-1.45,-1.4,-0.95,-0.77,-0.84,-1.24,0.27,2.02,-0.65,-2.83,0.89,0.89,-4.03,-0.53,-1.43,-0.35,-1.0,-3.48,3.21,-2.4,-3.42,0.95,-1.16,-2.6,-1.62,-3.13,-4.97,2.78,-1.46,4.14,4.55,3.22,6.17,0.07,3.08,4.96,0.32,4.32,-1.31,0.79,-1.12,0.31,0.78,0.41,2.46,1.23,0.22,0.36,-0.1,-0.56,0.83,1.33,1.05,-0.54,-1.18,0.23,1.43,-0.27,-1.41,-0.97,-0.11,-1.63,-3.41,1.04,1.52,-2.64,5.36,2.09,1.24,1.58,1.3,-0.53,-1.28,0.79,-1.65,-1.98,-3.4,0.32,-0.8,-1.48

 End

0.71,0.71,0.71,0.71,0.71,0.71,0.71,0.71,0.71,0.71,0.72,0.72,0.72,0.72,0.72,0.72,0.72,0.72,0.72,0.72,0.72,0.72,0.72,0.72,0.72,0.72,0.72,0.72,0.72,0.72,0.72,0.72,0.73,0.73,0.73,0.73,0.73,0.73,0.72,0.77,1.0,0.56,0.57,0.44,0.38,0.15,0.63,1.32,2.99,1.93,0.03,-0.36,0.57,1.89,1.02,-1.26,0.26,1.25,1.79,-1.06,-2.39,0.16,2.66,-0.13,5.7,-1.47,3.98,2.46,-3.17,5.05,-2.69,7.83,2.55,4.0,8.37,5.25,7.6,5.19,-2.4,4.53,-2.29,-5.79,0.86,-2.51,3.78,-1.52,1.65,1.83,1.05,-1.71,-1.59,-0.45,0.98,2.31,0.84,-0.19,0.28,1.96,1.84,-0.41,0.6,3.15,0.23,0.34,4.25,2.08,0.34,4.34,2.74,0.38,4.91,3.03,0.74,2.09,4.06,-0.44,0.25,3.16,-1.4,1.43,3.76,-1.68,1.04,2.47,0.03,2.36,-5.08,-0.86,-0.66,-3.22,-1.64,0.17,0.27
 next 
0.44,0.44,0.44,0.44,0.44,0.45,0.44,0.44,0.44,0.44,0.44,0.45,0.44,0.44,0.44,0.44,0.44,0.44,0.44,0.44,0.44,0.44,0.44,0.44,0.44,0.43,0.43,0.43,0.43,0.43,0.43,0.43,0.43,0.43,0.43,0.43,0.43,0.43,0.42,0.39,2.15,0.41,0.47,0.47,-0.38,-0.69,-1.02,-1.19,-1.45,-1.4,-0.95,-0.77,-0.84,-1.24,0.27,2.02,-0.65,-2.83,0.89,0.89,-4.03,-0.53,-1.43,-0.35,-1.0,-3.48,3.21,-2.4,-3.42,0.95,-1.16,-2.6,-1.62,-3.13,-4.97,2.78,-1.46,4.14,4.55,3.22,6.17,0.07,3.08,4.96,0.32,4.32,-1.31,0.79,-1.12,0.31,0.78,0.41,2.46,1.23,0.22,0.36,-0.1,-0.56,0.83,1.33,1.05,-0.54,-1.18,0.23,1.43,-0.27,-1.41,-0.97,-0.11,-1.63,-3.41,1.04,1.52,-2.64,5.36,2.09,1.24,1.58,1.3,-0.53,-1.28,0.79,-1.65,-1.98,-3.4,0.32,-0.8,-1.48,-0.48,2.57,-3.47,-1.92,0.8

 End

0.71,0.71,0.71,0.71,0.71,0.71,0.71,0.71,0.71,0.71,0.72,0.72,0.72,0.72,0.72,0.72,0.72,0.72,0.72,0.72,0.72,0.72,0.72,0.72,0.72,0.72,0.72,0.72,0.72,0.72,0.72,0.72,0.73,0.73,0.73,0.73,0.73,0.73,0.72,0.77,1.0,0.56,0.57,0.44,0.38,0.15,0.63,1.32,2.99,1.93,0.03,-0.36,0.57,1.89,1.02,-1.26,0.26,1.25,1.79,-1.06,-2.39,0.16,2.66,-0.13,5.7,-1.47,3.98,2.46,-3.17,5.05,-2.69,7.83,2.55,4.0,8.37,5.25,7.6,5.19,-2.4,4.53,-2.29,-5.79,0.86,-2.51,3.78,-1.52,1.65,1.83,1.05,-1.71,-1.59,-0.45,0.98,2.31,0.84,-0.19,0.28,1.96,1.84,-0.41,0.6,3.15,0.23,0.34,4.25,2.08,0.34,4.34,2.74,0.38,4.91,3.03,0.74,2.09,4.06,-0.44,0.25,3.16,-1.4,1.43,3.76,-1.68,1.04,2.47,0.03,2.36,-5.08,-0.86,-0.66,-3.22,-1.64,0.17,0.27,-2.47,-1.4,1.09,-0.12,-2.03
 next 
0.44,0.44,0.44,0.44,0.44,0.45,0.44,0.44,0.44,0.44,0.44,0.45,0.44,0.44,0.44,0.44,0.44,0.44,0.44,0.44,0.44,0.44,0.44,0.44,0.44,0.43,0.43,0.43,0.43,0.43,0.43,0.43,0.43,0.43,0.43,0.43,0.43,0.43,0.42,0.39,2.15,0.41,0.47,0.47,-0.38,-0.69,-1.02,-1.19,-1.45,-1.4,-0.95,-0.77,-0.84,-1.24,0.27,2.02,-0.65,-2.83,0.89,0.89,-4.03,-0.53,-1.43,-0.35,-1.0,-3.48,3.21,-2.4,-3.42,0.95,-1.16,-2.6,-1.62,-3.13,-4.97,2.78,-1.46,4.14,4.55,3.22,6.17,0.07,3.08,4.96,0.32,4.32,-1.31,0.79,-1.12,0.31,0.78,0.41,2.46,1.23,0.22,0.36,-0.1,-0.56,0.83,1.33,1.05,-0.54,-1.18,0.23,1.43,-0.27,-1.41,-0.97,-0.11,-1.63,-3.41,1.04,1.52,-2.64,5.36,2.09,1.24,1.58,1.3,-0.53,-1.28,0.79,-1.65,-1.98,-3.4,0.32,-0.8,-1.48,-0.48,2.57,-3.47,-1.92,0.8,-0.21,-0.19,0.38,2.6,0.5

 End

0.71,0.71,0.71,0.71,0.71,0.71,0.71,0.71,0.71,0.71,0.72,0.72,0.72,0.72,0.72,0.72,0.72,0.72,0.72,0.72,0.72,0.72,0.72,0.72,0.72,0.72,0.72,0.72,0.72,0.72,0.72,0.72,0.73,0.73,0.73,0.73,0.73,0.73,0.72,0.77,1.0,0.56,0.57,0.44,0.38,0.15,0.63,1.32,2.99,1.93,0.03,-0.36,0.57,1.89,1.02,-1.26,0.26,1.25,1.79,-1.06,-2.39,0.16,2.66,-0.13,5.7,-1.47,3.98,2.46,-3.17,5.05,-2.69,7.83,2.55,4.0,8.37,5.25,7.6,5.19,-2.4,4.53,-2.29,-5.79,0.86,-2.51,3.78,-1.52,1.65,1.83,1.05,-1.71,-1.59,-0.45,0.98,2.31,0.84,-0.19,0.28,1.96,1.84,-0.41,0.6,3.15,0.23,0.34,4.25,2.08,0.34,4.34,2.74,0.38,4.91,3.03,0.74,2.09,4.06,-0.44,0.25,3.16,-1.4,1.43,3.76,-1.68,1.04,2.47,0.03,2.36,-5.08,-0.86,-0.66,-3.22,-1.64,0.17,0.27,-2.47,-1.4,1.09,-0.12,-2.03,-2.17,-1.05,0.88,-0.67,-2.25
 next 
0.44,0.44,0.44,0.44,0.44,0.45,0.44,0.44,0.44,0.44,0.44,0.45,0.44,0.44,0.44,0.44,0.44,0.44,0.44,0.44,0.44,0.44,0.44,0.44,0.44,0.43,0.43,0.43,0.43,0.43,0.43,0.43,0.43,0.43,0.43,0.43,0.43,0.43,0.42,0.39,2.15,0.41,0.47,0.47,-0.38,-0.69,-1.02,-1.19,-1.45,-1.4,-0.95,-0.77,-0.84,-1.24,0.27,2.02,-0.65,-2.83,0.89,0.89,-4.03,-0.53,-1.43,-0.35,-1.0,-3.48,3.21,-2.4,-3.42,0.95,-1.16,-2.6,-1.62,-3.13,-4.97,2.78,-1.46,4.14,4.55,3.22,6.17,0.07,3.08,4.96,0.32,4.32,-1.31,0.79,-1.12,0.31,0.78,0.41,2.46,1.23,0.22,0.36,-0.1,-0.56,0.83,1.33,1.05,-0.54,-1.18,0.23,1.43,-0.27,-1.41,-0.97,-0.11,-1.63,-3.41,1.04,1.52,-2.64,5.36,2.09,1.24,1.58,1.3,-0.53,-1.28,0.79,-1.65,-1.98,-3.4,0.32,-0.8,-1.48,-0.48,2.57,-3.47,-1.92,0.8,-0.21,-0.19,0.38,2.6,0.5,-0.85,1.49,0.37,0.9,1.21

 End

0.71,0.71,0.71,0.71,0.71,0.71,0.71,0.71,0.71,0.71,0.72,0.72,0.72,0.72,0.72,0.72,0.72,0.72,0.72,0.72,0.72,0.72,0.72,0.72,0.72,0.72,0.72,0.72,0.72,0.72,0.72,0.72,0.73,0.73,0.73,0.73,0.73,0.73,0.72,0.77,1.0,0.56,0.57,0.44,0.38,0.15,0.63,1.32,2.99,1.93,0.03,-0.36,0.57,1.89,1.02,-1.26,0.26,1.25,1.79,-1.06,-2.39,0.16,2.66,-0.13,5.7,-1.47,3.98,2.46,-3.17,5.05,-2.69,7.83,2.55,4.0,8.37,5.25,7.6,5.19,-2.4,4.53,-2.29,-5.79,0.86,-2.51,3.78,-1.52,1.65,1.83,1.05,-1.71,-1.59,-0.45,0.98,2.31,0.84,-0.19,0.28,1.96,1.84,-0.41,0.6,3.15,0.23,0.34,4.25,2.08,0.34,4.34,2.74,0.38,4.91,3.03,0.74,2.09,4.06,-0.44,0.25,3.16,-1.4,1.43,3.76,-1.68,1.04,2.47,0.03,2.36,-5.08,-0.86,-0.66,-3.22,-1.64,0.17,0.27,-2.47,-1.4,1.09,-0.12,-2.03,-2.17,-1.05,0.88,-0.67,-2.25,0.84,2.25,-1.17,-1.18,1.59
 next 
0.44,0.44,0.44,0.44,0.44,0.45,0.44,0.44,0.44,0.44,0.44,0.45,0.44,0.44,0.44,0.44,0.44,0.44,0.44,0.44,0.44,0.44,0.44,0.44,0.44,0.43,0.43,0.43,0.43,0.43,0.43,0.43,0.43,0.43,0.43,0.43,0.43,0.43,0.42,0.39,2.15,0.41,0.47,0.47,-0.38,-0.69,-1.02,-1.19,-1.45,-1.4,-0.95,-0.77,-0.84,-1.24,0.27,2.02,-0.65,-2.83,0.89,0.89,-4.03,-0.53,-1.43,-0.35,-1.0,-3.48,3.21,-2.4,-3.42,0.95,-1.16,-2.6,-1.62,-3.13,-4.97,2.78,-1.46,4.14,4.55,3.22,6.17,0.07,3.08,4.96,0.32,4.32,-1.31,0.79,-1.12,0.31,0.78,0.41,2.46,1.23,0.22,0.36,-0.1,-0.56,0.83,1.33,1.05,-0.54,-1.18,0.23,1.43,-0.27,-1.41,-0.97,-0.11,-1.63,-3.41,1.04,1.52,-2.64,5.36,2.09,1.24,1.58,1.3,-0.53,-1.28,0.79,-1.65,-1.98,-3.4,0.32,-0.8,-1.48,-0.48,2.57,-3.47,-1.92,0.8,-0.21,-0.19,0.38,2.6,0.5,-0.85,1.49,0.37,0.9,1.21,-0.65,-0.26,-0.69,-1.24,-1.08

 End

0.71,0.71,0.71,0.71,0.71,0.71,0.71,0.71,0.71,0.71,0.72,0.72,0.72,0.72,0.72,0.72,0.72,0.72,0.72,0.72,0.72,0.72,0.72,0.72,0.72,0.72,0.72,0.72,0.72,0.72,0.72,0.72,0.73,0.73,0.73,0.73,0.73,0.73,0.72,0.77,1.0,0.56,0.57,0.44,0.38,0.15,0.63,1.32,2.99,1.93,0.03,-0.36,0.57,1.89,1.02,-1.26,0.26,1.25,1.79,-1.06,-2.39,0.16,2.66,-0.13,5.7,-1.47,3.98,2.46,-3.17,5.05,-2.69,7.83,2.55,4.0,8.37,5.25,7.6,5.19,-2.4,4.53,-2.29,-5.79,0.86,-2.51,3.78,-1.52,1.65,1.83,1.05,-1.71,-1.59,-0.45,0.98,2.31,0.84,-0.19,0.28,1.96,1.84,-0.41,0.6,3.15,0.23,0.34,4.25,2.08,0.34,4.34,2.74,0.38,4.91,3.03,0.74,2.09,4.06,-0.44,0.25,3.16,-1.4,1.43,3.76,-1.68,1.04,2.47,0.03,2.36,-5.08,-0.86,-0.66,-3.22,-1.64,0.17,0.27,-2.47,-1.4,1.09,-0.12,-2.03,-2.17,-1.05,0.88,-0.67,-2.25,0.84,2.25,-1.17,-1.18,1.59,0.11,-2.91,-0.91,0.98,-1.65
 next 
0.44,0.44,0.44,0.44,0.44,0.45,0.44,0.44,0.44,0.44,0.44,0.45,0.44,0.44,0.44,0.44,0.44,0.44,0.44,0.44,0.44,0.44,0.44,0.44,0.44,0.43,0.43,0.43,0.43,0.43,0.43,0.43,0.43,0.43,0.43,0.43,0.43,0.43,0.42,0.39,2.15,0.41,0.47,0.47,-0.38,-0.69,-1.02,-1.19,-1.45,-1.4,-0.95,-0.77,-0.84,-1.24,0.27,2.02,-0.65,-2.83,0.89,0.89,-4.03,-0.53,-1.43,-0.35,-1.0,-3.48,3.21,-2.4,-3.42,0.95,-1.16,-2.6,-1.62,-3.13,-4.97,2.78,-1.46,4.14,4.55,3.22,6.17,0.07,3.08,4.96,0.32,4.32,-1.31,0.79,-1.12,0.31,0.78,0.41,2.46,1.23,0.22,0.36,-0.1,-0.56,0.83,1.33,1.05,-0.54,-1.18,0.23,1.43,-0.27,-1.41,-0.97,-0.11,-1.63,-3.41,1.04,1.52,-2.64,5.36,2.09,1.24,1.58,1.3,-0.53,-1.28,0.79,-1.65,-1.98,-3.4,0.32,-0.8,-1.48,-0.48,2.57,-3.47,-1.92,0.8,-0.21,-0.19,0.38,2.6,0.5,-0.85,1.49,0.37,0.9,1.21,-0.65,-0.26,-0.69,-1.24,-1.08,-0.23,0.14,-0.76,0.19,0.88

 End

0.71,0.71,0.71,0.71,0.71,0.71,0.71,0.71,0.71,0.71,0.72,0.72,0.72,0.72,0.72,0.72,0.72,0.72,0.72,0.72,0.72,0.72,0.72,0.72,0.72,0.72,0.72,0.72,0.72,0.72,0.72,0.72,0.73,0.73,0.73,0.73,0.73,0.73,0.72,0.77,1.0,0.56,0.57,0.44,0.38,0.15,0.63,1.32,2.99,1.93,0.03,-0.36,0.57,1.89,1.02,-1.26,0.26,1.25,1.79,-1.06,-2.39,0.16,2.66,-0.13,5.7,-1.47,3.98,2.46,-3.17,5.05,-2.69,7.83,2.55,4.0,8.37,5.25,7.6,5.19,-2.4,4.53,-2.29,-5.79,0.86,-2.51,3.78,-1.52,1.65,1.83,1.05,-1.71,-1.59,-0.45,0.98,2.31,0.84,-0.19,0.28,1.96,1.84,-0.41,0.6,3.15,0.23,0.34,4.25,2.08,0.34,4.34,2.74,0.38,4.91,3.03,0.74,2.09,4.06,-0.44,0.25,3.16,-1.4,1.43,3.76,-1.68,1.04,2.47,0.03,2.36,-5.08,-0.86,-0.66,-3.22,-1.64,0.17,0.27,-2.47,-1.4,1.09,-0.12,-2.03,-2.17,-1.05,0.88,-0.67,-2.25,0.84,2.25,-1.17,-1.18,1.59,0.11,-2.91,-0.91,0.98,-1.65,-2.01,1.04,0.65,1.16,2.16
 next 
0.44,0.44,0.44,0.44,0.44,0.45,0.44,0.44,0.44,0.44,0.44,0.45,0.44,0.44,0.44,0.44,0.44,0.44,0.44,0.44,0.44,0.44,0.44,0.44,0.44,0.43,0.43,0.43,0.43,0.43,0.43,0.43,0.43,0.43,0.43,0.43,0.43,0.43,0.42,0.39,2.15,0.41,0.47,0.47,-0.38,-0.69,-1.02,-1.19,-1.45,-1.4,-0.95,-0.77,-0.84,-1.24,0.27,2.02,-0.65,-2.83,0.89,0.89,-4.03,-0.53,-1.43,-0.35,-1.0,-3.48,3.21,-2.4,-3.42,0.95,-1.16,-2.6,-1.62,-3.13,-4.97,2.78,-1.46,4.14,4.55,3.22,6.17,0.07,3.08,4.96,0.32,4.32,-1.31,0.79,-1.12,0.31,0.78,0.41,2.46,1.23,0.22,0.36,-0.1,-0.56,0.83,1.33,1.05,-0.54,-1.18,0.23,1.43,-0.27,-1.41,-0.97,-0.11,-1.63,-3.41,1.04,1.52,-2.64,5.36,2.09,1.24,1.58,1.3,-0.53,-1.28,0.79,-1.65,-1.98,-3.4,0.32,-0.8,-1.48,-0.48,2.57,-3.47,-1.92,0.8,-0.21,-0.19,0.38,2.6,0.5,-0.85,1.49,0.37,0.9,1.21,-0.65,-0.26,-0.69,-1.24,-1.08,-0.23,0.14,-0.76,0.19,0.88,-0.0,-0.42,0.33,1.95,-0.97

 End

0.71,0.71,0.71,0.71,0.71,0.71,0.71,0.71,0.71,0.71,0.72,0.72,0.72,0.72,0.72,0.72,0.72,0.72,0.72,0.72,0.72,0.72,0.72,0.72,0.72,0.72,0.72,0.72,0.72,0.72,0.72,0.72,0.73,0.73,0.73,0.73,0.73,0.73,0.72,0.77,1.0,0.56,0.57,0.44,0.38,0.15,0.63,1.32,2.99,1.93,0.03,-0.36,0.57,1.89,1.02,-1.26,0.26,1.25,1.79,-1.06,-2.39,0.16,2.66,-0.13,5.7,-1.47,3.98,2.46,-3.17,5.05,-2.69,7.83,2.55,4.0,8.37,5.25,7.6,5.19,-2.4,4.53,-2.29,-5.79,0.86,-2.51,3.78,-1.52,1.65,1.83,1.05,-1.71,-1.59,-0.45,0.98,2.31,0.84,-0.19,0.28,1.96,1.84,-0.41,0.6,3.15,0.23,0.34,4.25,2.08,0.34,4.34,2.74,0.38,4.91,3.03,0.74,2.09,4.06,-0.44,0.25,3.16,-1.4,1.43,3.76,-1.68,1.04,2.47,0.03,2.36,-5.08,-0.86,-0.66,-3.22,-1.64,0.17,0.27,-2.47,-1.4,1.09,-0.12,-2.03,-2.17,-1.05,0.88,-0.67,-2.25,0.84,2.25,-1.17,-1.18,1.59,0.11,-2.91,-0.91,0.98,-1.65,-2.01,1.04,0.65,1.16,2.16,-2.16,-0.56,1.38,-0.84
 next 
0.44,0.44,0.44,0.44,0.44,0.45,0.44,0.44,0.44,0.44,0.44,0.45,0.44,0.44,0.44,0.44,0.44,0.44,0.44,0.44,0.44,0.44,0.44,0.44,0.44,0.43,0.43,0.43,0.43,0.43,0.43,0.43,0.43,0.43,0.43,0.43,0.43,0.43,0.42,0.39,2.15,0.41,0.47,0.47,-0.38,-0.69,-1.02,-1.19,-1.45,-1.4,-0.95,-0.77,-0.84,-1.24,0.27,2.02,-0.65,-2.83,0.89,0.89,-4.03,-0.53,-1.43,-0.35,-1.0,-3.48,3.21,-2.4,-3.42,0.95,-1.16,-2.6,-1.62,-3.13,-4.97,2.78,-1.46,4.14,4.55,3.22,6.17,0.07,3.08,4.96,0.32,4.32,-1.31,0.79,-1.12,0.31,0.78,0.41,2.46,1.23,0.22,0.36,-0.1,-0.56,0.83,1.33,1.05,-0.54,-1.18,0.23,1.43,-0.27,-1.41,-0.97,-0.11,-1.63,-3.41,1.04,1.52,-2.64,5.36,2.09,1.24,1.58,1.3,-0.53,-1.28,0.79,-1.65,-1.98,-3.4,0.32,-0.8,-1.48,-0.48,2.57,-3.47,-1.92,0.8,-0.21,-0.19,0.38,2.6,0.5,-0.85,1.49,0.37,0.9,1.21,-0.65,-0.26,-0.69,-1.24,-1.08,-0.23,0.14,-0.76,0.19,0.88,-0.0,-0.42,0.33,1.95,-0.97,-0.3,0.86,-4.73,0.1

 End

0.71,0.71,0.71,0.71,0.71,0.71,0.71,0.71,0.71,0.71,0.72,0.72,0.72,0.72,0.72,0.72,0.72,0.72,0.72,0.72,0.72,0.72,0.72,0.72,0.72,0.72,0.72,0.72,0.72,0.72,0.72,0.72,0.73,0.73,0.73,0.73,0.73,0.73,0.72,0.77,1.0,0.56,0.57,0.44,0.38,0.15,0.63,1.32,2.99,1.93,0.03,-0.36,0.57,1.89,1.02,-1.26,0.26,1.25,1.79,-1.06,-2.39,0.16,2.66,-0.13,5.7,-1.47,3.98,2.46,-3.17,5.05,-2.69,7.83,2.55,4.0,8.37,5.25,7.6,5.19,-2.4,4.53,-2.29,-5.79,0.86,-2.51,3.78,-1.52,1.65,1.83,1.05,-1.71,-1.59,-0.45,0.98,2.31,0.84,-0.19,0.28,1.96,1.84,-0.41,0.6,3.15,0.23,0.34,4.25,2.08,0.34,4.34,2.74,0.38,4.91,3.03,0.74,2.09,4.06,-0.44,0.25,3.16,-1.4,1.43,3.76,-1.68,1.04,2.47,0.03,2.36,-5.08,-0.86,-0.66,-3.22,-1.64,0.17,0.27,-2.47,-1.4,1.09,-0.12,-2.03,-2.17,-1.05,0.88,-0.67,-2.25,0.84,2.25,-1.17,-1.18,1.59,0.11,-2.91,-0.91,0.98,-1.65,-2.01,1.04,0.65,1.16,2.16,-2.16,-0.56,1.38,-0.84,-1.84,1.5,1.1,-2.58,-1.28
 next 
0.44,0.44,0.44,0.44,0.44,0.45,0.44,0.44,0.44,0.44,0.44,0.45,0.44,0.44,0.44,0.44,0.44,0.44,0.44,0.44,0.44,0.44,0.44,0.44,0.44,0.43,0.43,0.43,0.43,0.43,0.43,0.43,0.43,0.43,0.43,0.43,0.43,0.43,0.42,0.39,2.15,0.41,0.47,0.47,-0.38,-0.69,-1.02,-1.19,-1.45,-1.4,-0.95,-0.77,-0.84,-1.24,0.27,2.02,-0.65,-2.83,0.89,0.89,-4.03,-0.53,-1.43,-0.35,-1.0,-3.48,3.21,-2.4,-3.42,0.95,-1.16,-2.6,-1.62,-3.13,-4.97,2.78,-1.46,4.14,4.55,3.22,6.17,0.07,3.08,4.96,0.32,4.32,-1.31,0.79,-1.12,0.31,0.78,0.41,2.46,1.23,0.22,0.36,-0.1,-0.56,0.83,1.33,1.05,-0.54,-1.18,0.23,1.43,-0.27,-1.41,-0.97,-0.11,-1.63,-3.41,1.04,1.52,-2.64,5.36,2.09,1.24,1.58,1.3,-0.53,-1.28,0.79,-1.65,-1.98,-3.4,0.32,-0.8,-1.48,-0.48,2.57,-3.47,-1.92,0.8,-0.21,-0.19,0.38,2.6,0.5,-0.85,1.49,0.37,0.9,1.21,-0.65,-0.26,-0.69,-1.24,-1.08,-0.23,0.14,-0.76,0.19,0.88,-0.0,-0.42,0.33,1.95,-0.97,-0.3,0.86,-4.73,0.1,0.76,-1.41,1.55,1.59,-1.33

 End

0.71,0.71,0.71,0.71,0.71,0.71,0.71,0.71,0.71,0.71,0.72,0.72,0.72,0.72,0.72,0.72,0.72,0.72,0.72,0.72,0.72,0.72,0.72,0.72,0.72,0.72,0.72,0.72,0.72,0.72,0.72,0.72,0.73,0.73,0.73,0.73,0.73,0.73,0.72,0.77,1.0,0.56,0.57,0.44,0.38,0.15,0.63,1.32,2.99,1.93,0.03,-0.36,0.57,1.89,1.02,-1.26,0.26,1.25,1.79,-1.06,-2.39,0.16,2.66,-0.13,5.7,-1.47,3.98,2.46,-3.17,5.05,-2.69,7.83,2.55,4.0,8.37,5.25,7.6,5.19,-2.4,4.53,-2.29,-5.79,0.86,-2.51,3.78,-1.52,1.65,1.83,1.05,-1.71,-1.59,-0.45,0.98,2.31,0.84,-0.19,0.28,1.96,1.84,-0.41,0.6,3.15,0.23,0.34,4.25,2.08,0.34,4.34,2.74,0.38,4.91,3.03,0.74,2.09,4.06,-0.44,0.25,3.16,-1.4,1.43,3.76,-1.68,1.04,2.47,0.03,2.36,-5.08,-0.86,-0.66,-3.22,-1.64,0.17,0.27,-2.47,-1.4,1.09,-0.12,-2.03,-2.17,-1.05,0.88,-0.67,-2.25,0.84,2.25,-1.17,-1.18,1.59,0.11,-2.91,-0.91,0.98,-1.65,-2.01,1.04,0.65,1.16,2.16,-2.16,-0.56,1.38,-0.84,-1.84,1.5,1.1,-2.58,-1.28,2.79,1.77,-2.34,1.06,-0.58
 next 
0.44,0.44,0.44,0.44,0.44,0.45,0.44,0.44,0.44,0.44,0.44,0.45,0.44,0.44,0.44,0.44,0.44,0.44,0.44,0.44,0.44,0.44,0.44,0.44,0.44,0.43,0.43,0.43,0.43,0.43,0.43,0.43,0.43,0.43,0.43,0.43,0.43,0.43,0.42,0.39,2.15,0.41,0.47,0.47,-0.38,-0.69,-1.02,-1.19,-1.45,-1.4,-0.95,-0.77,-0.84,-1.24,0.27,2.02,-0.65,-2.83,0.89,0.89,-4.03,-0.53,-1.43,-0.35,-1.0,-3.48,3.21,-2.4,-3.42,0.95,-1.16,-2.6,-1.62,-3.13,-4.97,2.78,-1.46,4.14,4.55,3.22,6.17,0.07,3.08,4.96,0.32,4.32,-1.31,0.79,-1.12,0.31,0.78,0.41,2.46,1.23,0.22,0.36,-0.1,-0.56,0.83,1.33,1.05,-0.54,-1.18,0.23,1.43,-0.27,-1.41,-0.97,-0.11,-1.63,-3.41,1.04,1.52,-2.64,5.36,2.09,1.24,1.58,1.3,-0.53,-1.28,0.79,-1.65,-1.98,-3.4,0.32,-0.8,-1.48,-0.48,2.57,-3.47,-1.92,0.8,-0.21,-0.19,0.38,2.6,0.5,-0.85,1.49,0.37,0.9,1.21,-0.65,-0.26,-0.69,-1.24,-1.08,-0.23,0.14,-0.76,0.19,0.88,-0.0,-0.42,0.33,1.95,-0.97,-0.3,0.86,-4.73,0.1,0.76,-1.41,1.55,1.59,-1.33,-3.59,-3.66,-1.37,0.65,0.16

 End

